88
100
100
100
100
100
100
100
100
100
100
100
100
100
100
100
100
100
100
100
8193408
7010224
1991207413
7010296
0
1942818679
8195848
4375920
0
4790792
7010648
7010652
4790792
0
4789312
10
7010240
1991517704
7012300
7010588
7010648
4790792
7010488
4327946
0
7010588
7010376
4789312
7010648
4790792
7010652
4435003
7010412
0
7010475
2
49
1991517704
4789312
11806216
2147483647
4811322
214748364
1
10
4790792
1708
8193408
1
2748416
8195848
2002489481
8193408
4789312
4789312
49
0
1942814887
8195848
4375920
0
7010336
1991285632
4411536
49
0
4790592
8214620
0
4789312
7010680
7010716
7010648
4790792
7010680
4327946
0
7010716
7010652
7010588
